2;9;0;849;1;32;10;4;2;0;28;4;0,01308113;
3;18;0;1125;0;32;10;4;2;0;28;4;0,01308113;
4;11;0;1090;0;32;10;4;2;0;28;4;0,01308113;
4;15;0;1094;0;32;10;4;2;0;28;4;0,01308113;
4;16;0;1132;0;32;10;4;2;0;28;4;0,01308113;
5;7;0;865;4;32;10;4;2;0;28;4;0,01308113;
7;14;0;1123;0;32;10;4;2;0;28;4;0,01308113;
7;16;0;1514;0;32;10;4;2;0;28;4;0,01308113;
7;17;0;1146;1;32;10;4;2;0;28;4;0,01308113;
8;8;0;1083;4;32;10;4;2;0;28;4;0,01308113;
8;9;0;989;2;32;10;4;2;0;28;4;0,01308113;
8;15;0;1159;1;32;10;4;2;0;28;4;0,01308113;
8;17;0;1228;1;32;10;4;2;0;28;4;0,01308113;
8;18;0;1305;2;32;10;4;2;0;28;4;0,01308113;
8;19;0;1495;1;32;10;4;2;0;28;4;0,01308113;
9;13;0;989;1;32;10;4;2;0;28;4;0,01308113;
9;15;0;1213;2;32;10;4;2;0;28;4;0,01308113;
9;17;0;1232;1;32;10;4;2;0;28;4;0,01308113;
9;19;0;1247;1;32;10;4;2;0;28;4;0,01308113;
10;5;0;872;4;32;10;4;2;0;28;4;0,01308113;
10;12;0;1077;4;32;10;4;2;0;28;4;0,01308113;
10;13;0;1035;1;32;10;4;2;0;28;4;0,01308113;
10;14;0;1254;5;32;10;4;2;0;28;4;0,01308113;
10;16;0;1170;2;32;10;4;2;0;28;4;0,01308113;
10;17;0;1204;3;32;10;4;2;0;28;4;0,01308113;
10;18;0;1154;3;32;10;4;2;0;28;4;0,01308113;
11;11;0;969;4;32;10;4;2;0;28;4;0,01308113;
11;12;0;1050;2;32;10;4;2;0;28;4;0,01308113;
11;14;0;1077;3;32;10;4;2;0;28;4;0,01308113;
11;15;0;1148;3;32;10;4;2;0;28;4;0,01308113;
11;16;0;1083;2;32;10;4;2;0;28;4;0,01308113;
11;17;0;1343;3;32;10;4;2;0;28;4;0,01308113;
11;18;0;1180;1;32;10;4;2;0;28;4;0,01308113;
11;19;0;1173;2;32;10;4;2;0;28;4;0,01308113;
12;7;0;798;3;32;10;4;2;0;28;4;0,01308113;
12;11;0;941;4;32;10;4;2;0;28;4;0,01308113;
12;18;0;1194;4;32;10;4;2;0;28;4;0,01308113;
12;19;0;1265;1;32;10;4;2;0;28;4;0,01308113;
13;5;0;670;4;32;10;4;2;0;28;4;0,01308113;
13;7;0;910;4;32;10;4;2;0;28;4;0,01308113;
13;12;0;1119;4;32;10;4;2;0;28;4;0,01308113;
13;13;0;1025;6;32;10;4;2;0;28;4;0,01308113;
13;14;0;1427;3;32;10;4;2;0;28;4;0,01308113;
13;15;0;1180;4;32;10;4;2;0;28;4;0,01308113;
13;16;0;1225;1;32;10;4;2;0;28;4;0,01308113;
13;17;0;1141;1;32;10;4;2;0;28;4;0,01308113;
13;18;0;1570;6;32;10;4;2;0;28;4;0,01308113;
13;19;0;1148;4;32;10;4;2;0;28;4;0,01308113;
14;3;0;613;12;32;10;4;2;0;28;4;0,01308113;
14;4;0;722;4;32;10;4;2;0;28;4;0,01308113;
14;8;0;1031;5;32;10;4;2;0;28;4;0,01308113;
14;9;0;963;5;32;10;4;2;0;28;4;0,01308113;
14;10;0;1048;4;32;10;4;2;0;28;4;0,01308113;
14;11;0;888;5;32;10;4;2;0;28;4;0,01308113;
14;12;0;979;3;32;10;4;2;0;28;4;0,01308113;
14;13;0;1117;5;32;10;4;2;0;28;4;0,01308113;
14;14;0;1108;3;32;10;4;2;0;28;4;0,01308113;
14;15;0;1391;4;32;10;4;2;0;28;4;0,01308113;
14;16;0;1233;3;32;10;4;2;0;28;4;0,01308113;
14;17;0;1491;4;32;10;4;2;0;28;4;0,01308113;
14;18;0;1228;2;32;10;4;2;0;28;4;0,01308113;
14;19;0;1937;2;32;10;4;2;0;28;4;0,01308113;
15;8;0;1080;7;32;10;4;2;0;28;4;0,01308113;
15;10;0;1222;6;32;10;4;2;0;28;4;0,01308113;
15;12;0;1337;4;32;10;4;2;0;28;4;0,01308113;
15;13;0;1160;2;32;10;4;2;0;28;4;0,01308113;
15;14;0;1335;7;32;10;4;2;0;28;4;0,01308113;
15;17;0;1205;3;32;10;4;2;0;28;4;0,01308113;
15;18;0;1359;3;32;10;4;2;0;28;4;0,01308113;
15;19;0;1351;3;32;10;4;2;0;28;4;0,01308113;
16;11;0;973;4;32;10;4;2;0;28;4;0,01308113;
16;16;0;1448;3;32;10;4;2;0;28;4;0,01308113;
17;5;0;831;10;32;10;4;2;0;28;4;0,01308113;
17;6;0;945;8;32;10;4;2;0;28;4;0,01308113;
17;7;0;980;6;32;10;4;2;0;28;4;0,01308113;
17;13;0;975;7;32;10;4;2;0;28;4;0,01308113;
17;14;0;1472;5;32;10;4;2;0;28;4;0,01308113;
17;15;0;1166;3;32;10;4;2;0;28;4;0,01308113;
17;16;0;1102;4;32;10;4;2;0;28;4;0,01308113;
17;17;0;1501;4;32;10;4;2;0;28;4;0,01308113;
17;19;0;1360;3;32;10;4;2;0;28;4;0,01308113;
18;4;0;831;12;32;10;4;2;0;28;4;0,01308113;
18;7;0;810;8;32;10;4;2;0;28;4;0,01308113;
18;8;0;1416;3;32;10;4;2;0;28;4;0,01308113;
18;10;0;993;4;32;10;4;2;0;28;4;0,01308113;
18;11;0;1309;6;32;10;4;2;0;28;4;0,01308113;
18;12;0;1126;11;32;10;4;2;0;28;4;0,01308113;
18;13;0;1398;5;32;10;4;2;0;28;4;0,01308113;
18;14;0;1655;6;32;10;4;2;0;28;4;0,01308113;
18;15;0;1115;5;32;10;4;2;0;28;4;0,01308113;
18;16;0;1387;3;32;10;4;2;0;28;4;0,01308113;
18;17;0;1547;6;32;10;4;2;0;28;4;0,01308113;
18;18;0;1212;7;32;10;4;2;0;28;4;0,01308113;
18;19;0;1197;6;32;10;4;2;0;28;4;0,01308113;
19;4;0;665;11;32;10;4;2;0;28;4;0,01308113;
19;5;0;2294;13;32;10;4;2;0;28;4;0,01308113;
19;9;0;1024;6;32;10;4;2;0;28;4;0,01308113;
19;12;0;1077;10;32;10;4;2;0;28;4;0,01308113;
19;14;0;1136;4;32;10;4;2;0;28;4;0,01308113;
19;15;0;1488;6;32;10;4;2;0;28;4;0,01308113;
19;17;0;1322;4;32;10;4;2;0;28;4;0,01308113;
19;18;0;1663;4;32;10;4;2;0;28;4;0,01308113;
19;19;0;1578;7;32;10;4;2;0;28;4;0,01308113;
20;5;0;941;9;32;10;4;2;0;28;4;0,01308113;
20;9;0;1080;8;32;10;4;2;0;28;4;0,01308113;
20;11;0;1233;7;32;10;4;2;0;28;4;0,01308113;
20;12;0;1194;4;32;10;4;2;0;28;4;0,01308113;
20;13;0;1148;11;32;10;4;2;0;28;4;0,01308113;
20;14;0;1193;5;32;10;4;2;0;28;4;0,01308113;
20;17;0;1613;8;32;10;4;2;0;28;4;0,01308113;
20;19;0;3330;3;32;10;4;2;0;28;4;0,01308113;
21;3;0;686;12;32;10;4;2;0;28;4;0,01308113;
21;7;0;1116;8;32;10;4;2;0;28;4;0,01308113;
21;8;0;930;10;32;10;4;2;0;28;4;0,01308113;
21;9;0;1047;12;32;10;4;2;0;28;4;0,01308113;
21;11;0;1214;8;32;10;4;2;0;28;4;0,01308113;
21;14;0;1164;5;32;10;4;2;0;28;4;0,01308113;
21;15;0;1181;6;32;10;4;2;0;28;4;0,01308113;
21;17;0;1207;6;32;10;4;2;0;28;4;0,01308113;
21;18;0;1315;6;32;10;4;2;0;28;4;0,01308113;
21;19;0;1684;4;32;10;4;2;0;28;4;0,01308113;
22;3;0;901;10;32;10;4;2;0;28;4;0,01308113;
22;4;0;915;8;32;10;4;2;0;28;4;0,01308113;
22;5;0;1518;4;32;10;4;2;0;28;4;0,01308113;
22;6;0;1424;8;32;10;4;2;0;28;4;0,01308113;
22;8;0;1108;10;32;10;4;2;0;28;4;0,01308113;
22;10;0;1103;9;32;10;4;2;0;28;4;0,01308113;
22;11;0;1155;12;32;10;4;2;0;28;4;0,01308113;
22;12;0;1305;10;32;10;4;2;0;28;4;0,01308113;
22;13;0;1169;8;32;10;4;2;0;28;4;0,01308113;
22;14;0;1470;7;32;10;4;2;0;28;4;0,01308113;
22;15;0;1344;9;32;10;4;2;0;28;4;0,01308113;
22;16;0;1526;8;32;10;4;2;0;28;4;0,01308113;
22;17;0;2570;3;32;10;4;2;0;28;4;0,01308113;
22;18;0;1250;9;32;10;4;2;0;28;4;0,01308113;
22;19;0;1367;8;32;10;4;2;0;28;4;0,01308113;
23;2;0;873;11;32;10;4;2;0;28;4;0,01308113;
23;3;0;837;11;32;10;4;2;0;28;4;0,01308113;
23;4;0;893;10;32;10;4;2;0;28;4;0,01308113;
23;6;0;993;10;32;10;4;2;0;28;4;0,01308113;
23;7;0;898;10;32;10;4;2;0;28;4;0,01308113;
23;9;0;1296;9;32;10;4;2;0;28;4;0,01308113;
23;11;0;1283;6;32;10;4;2;0;28;4;0,01308113;
23;13;0;1260;10;32;10;4;2;0;28;4;0,01308113;
23;14;0;1388;9;32;10;4;2;0;28;4;0,01308113;
23;16;0;1373;7;32;10;4;2;0;28;4;0,01308113;
23;17;0;1406;7;32;10;4;2;0;28;4;0,01308113;
23;19;0;1382;6;32;10;4;2;0;28;4;0,01308113;
24;3;0;877;12;32;10;4;2;0;28;4;0,01308113;
24;5;0;1246;13;32;10;4;2;0;28;4;0,01308113;
24;6;0;1007;11;32;10;4;2;0;28;4;0,01308113;
24;10;0;1322;9;32;10;4;2;0;28;4;0,01308113;
24;12;0;1145;12;32;10;4;2;0;28;4;0,01308113;
24;13;0;1366;8;32;10;4;2;0;28;4;0,01308113;
24;14;0;1445;7;32;10;4;2;0;28;4;0,01308113;
24;15;0;1330;9;32;10;4;2;0;28;4;0,01308113;
24;16;0;1464;9;32;10;4;2;0;28;4;0,01308113;
24;17;0;1494;6;32;10;4;2;0;28;4;0,01308113;
24;18;0;1255;9;32;10;4;2;0;28;4;0,01308113;
24;19;0;1272;7;32;10;4;2;0;28;4;0,01308113;
25;2;0;855;11;32;10;4;2;0;28;4;0,01308113;
25;4;0;949;13;32;10;4;2;0;28;4;0,01308113;
25;7;0;1110;9;32;10;4;2;0;28;4;0,01308113;
25;8;0;1130;10;32;10;4;2;0;28;4;0,01308113;
25;9;0;1206;11;32;10;4;2;0;28;4;0,01308113;
25;13;0;1308;8;32;10;4;2;0;28;4;0,01308113;
25;14;0;1495;7;32;10;4;2;0;28;4;0,01308113;
25;16;0;1376;10;32;10;4;2;0;28;4;0,01308113;
25;17;0;1261;7;32;10;4;2;0;28;4;0,01308113;
25;18;0;1452;11;32;10;4;2;0;28;4;0,01308113;
25;19;0;1704;8;32;10;4;2;0;28;4;0,01308113;
26;3;0;925;15;32;10;4;2;0;28;4;0,01308113;
26;6;0;1388;10;32;10;4;2;0;28;4;0,01308113;
26;8;0;1178;11;32;10;4;2;0;28;4;0,01308113;
26;10;0;1278;10;32;10;4;2;0;28;4;0,01308113;
26;11;0;1395;11;32;10;4;2;0;28;4;0,01308113;
26;12;0;1337;12;32;10;4;2;0;28;4;0,01308113;
26;13;0;1397;9;32;10;4;2;0;28;4;0,01308113;
26;14;0;1428;9;32;10;4;2;0;28;4;0,01308113;
26;16;0;1585;9;32;10;4;2;0;28;4;0,01308113;
26;17;0;1528;8;32;10;4;2;0;28;4;0,01308113;
26;18;0;1383;7;32;10;4;2;0;28;4;0,01308113;
27;5;0;1055;13;32;10;4;2;0;28;4;0,01308113;
27;6;0;1131;12;32;10;4;2;0;28;4;0,01308113;
27;7;0;1240;11;32;10;4;2;0;28;4;0,01308113;
27;8;0;1234;11;32;10;4;2;0;28;4;0,01308113;
27;10;0;1781;7;32;10;4;2;0;28;4;0,01308113;
27;12;0;1424;11;32;10;4;2;0;28;4;0,01308113;
27;14;0;1228;9;32;10;4;2;0;28;4;0,01308113;
27;15;0;1490;8;32;10;4;2;0;28;4;0,01308113;
27;18;0;1542;8;32;10;4;2;0;28;4;0,01308113;
28;5;0;1037;10;32;10;4;2;0;28;4;0,01308113;
28;9;0;1326;12;32;10;4;2;0;28;4;0,01308113;
28;11;0;1393;11;32;10;4;2;0;28;4;0,01308113;
28;12;0;1389;11;32;10;4;2;0;28;4;0,01308113;
28;14;0;1526;9;32;10;4;2;0;28;4;0,01308113;
28;16;0;1608;9;32;10;4;2;0;28;4;0,01308113;
28;17;0;1506;9;32;10;4;2;0;28;4;0,01308113;
28;19;0;1844;8;32;10;4;2;0;28;4;0,01308113;
29;5;0;1155;10;32;10;4;2;0;28;4;0,01308113;
29;8;0;1389;8;32;10;4;2;0;28;4;0,01308113;
29;9;0;1330;11;32;10;4;2;0;28;4;0,01308113;
29;10;0;1447;10;32;10;4;2;0;28;4;0,01308113;
29;12;0;1425;10;32;10;4;2;0;28;4;0,01308113;
29;13;0;1584;10;32;10;4;2;0;28;4;0,01308113;
29;14;0;1510;10;32;10;4;2;0;28;4;0,01308113;
29;15;0;1521;11;32;10;4;2;0;28;4;0,01308113;
29;16;0;1480;10;32;10;4;2;0;28;4;0,01308113;
29;19;0;1521;10;32;10;4;2;0;28;4;0,01308113;
