6;11;0;1337;3;48;11;4;2;0;44;4;0,0039211;
7;7;0;1236;3;48;11;4;2;0;44;4;0,0039211;
7;9;0;1446;2;48;11;4;2;0;44;4;0,0039211;
7;15;0;1668;2;48;11;4;2;0;44;4;0,0039211;
7;16;0;1723;5;48;11;4;2;0;44;4;0,0039211;
7;18;0;1993;2;48;11;4;2;0;44;4;0,0039211;
8;7;0;1174;4;48;11;4;2;0;44;4;0,0039211;
8;9;0;1250;6;48;11;4;2;0;44;4;0,0039211;
8;16;0;1636;4;48;11;4;2;0;44;4;0,0039211;
8;17;0;1867;3;48;11;4;2;0;44;4;0,0039211;
8;18;0;1990;2;48;11;4;2;0;44;4;0,0039211;
9;6;0;1169;7;48;11;4;2;0;44;4;0,0039211;
9;10;0;1424;6;48;11;4;2;0;44;4;0,0039211;
9;11;0;1509;3;48;11;4;2;0;44;4;0,0039211;
9;16;0;1943;3;48;11;4;2;0;44;4;0,0039211;
9;17;0;1796;4;48;11;4;2;0;44;4;0,0039211;
9;19;0;1905;6;48;11;4;2;0;44;4;0,0039211;
10;6;0;1151;6;48;11;4;2;0;44;4;0,0039211;
10;10;0;1355;5;48;11;4;2;0;44;4;0,0039211;
10;11;0;1474;4;48;11;4;2;0;44;4;0,0039211;
10;13;0;1585;3;48;11;4;2;0;44;4;0,0039211;
10;15;0;1710;4;48;11;4;2;0;44;4;0,0039211;
10;18;0;1883;5;48;11;4;2;0;44;4;0,0039211;
11;6;0;1233;8;48;11;4;2;0;44;4;0,0039211;
11;9;0;1683;2;48;11;4;2;0;44;4;0,0039211;
11;11;0;1511;6;48;11;4;2;0;44;4;0,0039211;
11;12;0;1497;4;48;11;4;2;0;44;4;0,0039211;
11;15;0;1778;4;48;11;4;2;0;44;4;0,0039211;
11;18;0;4050;3;48;11;4;2;0;44;4;0,0039211;
11;19;0;2870;2;48;11;4;2;0;44;4;0,0039211;
12;9;0;1380;9;48;11;4;2;0;44;4;0,0039211;
12;10;0;1536;10;48;11;4;2;0;44;4;0,0039211;
12;12;0;1566;8;48;11;4;2;0;44;4;0,0039211;
12;13;0;1656;3;48;11;4;2;0;44;4;0,0039211;
12;16;0;1853;7;48;11;4;2;0;44;4;0,0039211;
12;17;0;1847;4;48;11;4;2;0;44;4;0,0039211;
12;18;0;1972;5;48;11;4;2;0;44;4;0,0039211;
13;5;0;1425;6;48;11;4;2;0;44;4;0,0039211;
13;7;0;1369;9;48;11;4;2;0;44;4;0,0039211;
13;10;0;1521;5;48;11;4;2;0;44;4;0,0039211;
13;11;0;1529;10;48;11;4;2;0;44;4;0,0039211;
13;14;0;1648;9;48;11;4;2;0;44;4;0,0039211;
13;15;0;1949;7;48;11;4;2;0;44;4;0,0039211;
13;17;0;1940;4;48;11;4;2;0;44;4;0,0039211;
13;18;0;2134;9;48;11;4;2;0;44;4;0,0039211;
14;5;0;1391;5;48;11;4;2;0;44;4;0,0039211;
14;11;0;1936;6;48;11;4;2;0;44;4;0,0039211;
14;12;0;1715;7;48;11;4;2;0;44;4;0,0039211;
14;14;0;1782;10;48;11;4;2;0;44;4;0,0039211;
14;15;0;1797;12;48;11;4;2;0;44;4;0,0039211;
14;16;0;1961;6;48;11;4;2;0;44;4;0,0039211;
14;18;0;1991;6;48;11;4;2;0;44;4;0,0039211;
15;4;0;1316;10;48;11;4;2;0;44;4;0,0039211;
15;7;0;1393;7;48;11;4;2;0;44;4;0,0039211;
15;10;0;1529;3;48;11;4;2;0;44;4;0,0039211;
15;11;0;1686;6;48;11;4;2;0;44;4;0,0039211;
15;13;0;1695;8;48;11;4;2;0;44;4;0,0039211;
15;14;0;1710;4;48;11;4;2;0;44;4;0,0039211;
15;15;0;1835;7;48;11;4;2;0;44;4;0,0039211;
15;16;0;2015;2;48;11;4;2;0;44;4;0,0039211;
15;17;0;2004;9;48;11;4;2;0;44;4;0,0039211;
15;18;0;1901;11;48;11;4;2;0;44;4;0,0039211;
16;3;0;1270;13;48;11;4;2;0;44;4;0,0039211;
16;7;0;1414;12;48;11;4;2;0;44;4;0,0039211;
16;8;0;1307;27;48;11;4;2;0;44;4;0,0039211;
16;10;0;1503;12;48;11;4;2;0;44;4;0,0039211;
16;13;0;1880;10;48;11;4;2;0;44;4;0,0039211;
16;14;0;1815;11;48;11;4;2;0;44;4;0,0039211;
16;15;0;1928;8;48;11;4;2;0;44;4;0,0039211;
16;16;0;1960;7;48;11;4;2;0;44;4;0,0039211;
16;17;0;2155;7;48;11;4;2;0;44;4;0,0039211;
16;18;0;2030;9;48;11;4;2;0;44;4;0,0039211;
16;19;0;2248;8;48;11;4;2;0;44;4;0,0039211;
17;1;0;863;33;48;11;4;2;0;44;4;0,0039211;
17;6;0;1381;15;48;11;4;2;0;44;4;0,0039211;
17;7;0;1420;15;48;11;4;2;0;44;4;0,0039211;
17;10;0;1857;6;48;11;4;2;0;44;4;0,0039211;
17;11;0;1570;21;48;11;4;2;0;44;4;0,0039211;
17;14;0;2065;6;48;11;4;2;0;44;4;0,0039211;
17;16;0;2038;8;48;11;4;2;0;44;4;0,0039211;
17;18;0;2228;10;48;11;4;2;0;44;4;0,0039211;
17;19;0;2080;9;48;11;4;2;0;44;4;0,0039211;
18;4;0;1301;17;48;11;4;2;0;44;4;0,0039211;
18;11;0;1805;18;48;11;4;2;0;44;4;0,0039211;
18;12;0;1791;5;48;11;4;2;0;44;4;0,0039211;
18;13;0;1765;13;48;11;4;2;0;44;4;0,0039211;
18;16;0;2107;10;48;11;4;2;0;44;4;0,0039211;
18;17;0;1868;11;48;11;4;2;0;44;4;0,0039211;
18;19;0;2170;10;48;11;4;2;0;44;4;0,0039211;
19;4;0;1195;24;48;11;4;2;0;44;4;0,0039211;
19;8;0;1565;16;48;11;4;2;0;44;4;0,0039211;
19;10;0;1916;11;48;11;4;2;0;44;4;0,0039211;
19;11;0;1690;25;48;11;4;2;0;44;4;0,0039211;
19;12;0;1942;10;48;11;4;2;0;44;4;0,0039211;
19;13;0;1735;20;48;11;4;2;0;44;4;0,0039211;
19;14;0;1964;18;48;11;4;2;0;44;4;0,0039211;
19;15;0;2110;9;48;11;4;2;0;44;4;0,0039211;
19;16;0;1944;11;48;11;4;2;0;44;4;0,0039211;
19;17;0;1958;10;48;11;4;2;0;44;4;0,0039211;
19;19;0;2061;11;48;11;4;2;0;44;4;0,0039211;
20;7;0;1421;24;48;11;4;2;0;44;4;0,0039211;
20;8;0;1521;24;48;11;4;2;0;44;4;0,0039211;
20;10;0;1586;15;48;11;4;2;0;44;4;0,0039211;
20;12;0;1941;16;48;11;4;2;0;44;4;0,0039211;
20;14;0;1794;21;48;11;4;2;0;44;4;0,0039211;
20;15;0;2251;13;48;11;4;2;0;44;4;0,0039211;
20;16;0;2114;20;48;11;4;2;0;44;4;0,0039211;
20;17;0;2101;26;48;11;4;2;0;44;4;0,0039211;
20;18;0;2357;11;48;11;4;2;0;44;4;0,0039211;
21;10;0;1546;17;48;11;4;2;0;44;4;0,0039211;
21;11;0;1927;12;48;11;4;2;0;44;4;0,0039211;
21;13;0;1820;19;48;11;4;2;0;44;4;0,0039211;
21;14;0;1817;16;48;11;4;2;0;44;4;0,0039211;
21;16;0;2224;13;48;11;4;2;0;44;4;0,0039211;
21;17;0;2181;13;48;11;4;2;0;44;4;0,0039211;
21;18;0;2623;5;48;11;4;2;0;44;4;0,0039211;
21;19;0;2095;8;48;11;4;2;0;44;4;0,0039211;
22;9;0;1585;33;48;11;4;2;0;44;4;0,0039211;
22;12;0;1926;15;48;11;4;2;0;44;4;0,0039211;
22;15;0;2086;16;48;11;4;2;0;44;4;0,0039211;
22;16;0;2125;12;48;11;4;2;0;44;4;0,0039211;
22;17;0;2171;20;48;11;4;2;0;44;4;0,0039211;
22;18;0;2338;12;48;11;4;2;0;44;4;0,0039211;
22;19;0;2323;21;48;11;4;2;0;44;4;0,0039211;
23;3;0;1286;36;48;11;4;2;0;44;4;0,0039211;
23;8;0;1554;31;48;11;4;2;0;44;4;0,0039211;
23;10;0;1693;24;48;11;4;2;0;44;4;0,0039211;
23;11;0;1734;22;48;11;4;2;0;44;4;0,0039211;
23;12;0;1826;24;48;11;4;2;0;44;4;0,0039211;
23;14;0;2109;14;48;11;4;2;0;44;4;0,0039211;
23;16;0;2390;21;48;11;4;2;0;44;4;0,0039211;
23;18;0;2295;10;48;11;4;2;0;44;4;0,0039211;
24;6;0;1546;37;48;11;4;2;0;44;4;0,0039211;
24;8;0;2095;20;48;11;4;2;0;44;4;0,0039211;
24;12;0;1737;34;48;11;4;2;0;44;4;0,0039211;
24;16;0;2002;32;48;11;4;2;0;44;4;0,0039211;
24;17;0;2342;19;48;11;4;2;0;44;4;0,0039211;
24;19;0;2451;15;48;11;4;2;0;44;4;0,0039211;
25;5;0;1354;33;48;11;4;2;0;44;4;0,0039211;
25;7;0;1671;23;48;11;4;2;0;44;4;0,0039211;
25;9;0;1600;35;48;11;4;2;0;44;4;0,0039211;
25;12;0;2428;13;48;11;4;2;0;44;4;0,0039211;
25;13;0;1912;28;48;11;4;2;0;44;4;0,0039211;
25;14;0;1850;31;48;11;4;2;0;44;4;0,0039211;
25;15;0;1942;27;48;11;4;2;0;44;4;0,0039211;
25;16;0;2172;20;48;11;4;2;0;44;4;0,0039211;
25;17;0;2251;23;48;11;4;2;0;44;4;0,0039211;
25;19;0;3375;8;48;11;4;2;0;44;4;0,0039211;
26;5;0;1426;33;48;11;4;2;0;44;4;0,0039211;
26;8;0;1887;33;48;11;4;2;0;44;4;0,0039211;
26;11;0;2138;29;48;11;4;2;0;44;4;0,0039211;
26;12;0;1816;30;48;11;4;2;0;44;4;0,0039211;
26;13;0;1967;26;48;11;4;2;0;44;4;0,0039211;
26;15;0;2346;26;48;11;4;2;0;44;4;0,0039211;
26;16;0;1969;26;48;11;4;2;0;44;4;0,0039211;
26;18;0;2170;26;48;11;4;2;0;44;4;0,0039211;
26;19;0;2733;14;48;11;4;2;0;44;4;0,0039211;
27;4;0;1654;37;48;11;4;2;0;44;4;0,0039211;
27;7;0;1664;34;48;11;4;2;0;44;4;0,0039211;
27;8;0;1612;38;48;11;4;2;0;44;4;0,0039211;
27;10;0;2125;31;48;11;4;2;0;44;4;0,0039211;
27;11;0;1617;36;48;11;4;2;0;44;4;0,0039211;
27;12;0;1833;37;48;11;4;2;0;44;4;0,0039211;
27;13;0;1889;31;48;11;4;2;0;44;4;0,0039211;
27;15;0;1803;30;48;11;4;2;0;44;4;0,0039211;
27;17;0;2066;32;48;11;4;2;0;44;4;0,0039211;
27;18;0;2157;23;48;11;4;2;0;44;4;0,0039211;
27;19;0;2601;28;48;11;4;2;0;44;4;0,0039211;
28;9;0;1597;37;48;11;4;2;0;44;4;0,0039211;
28;11;0;1790;34;48;11;4;2;0;44;4;0,0039211;
28;13;0;1826;34;48;11;4;2;0;44;4;0,0039211;
28;14;0;1944;35;48;11;4;2;0;44;4;0,0039211;
28;15;0;2104;26;48;11;4;2;0;44;4;0,0039211;
28;16;0;3569;10;48;11;4;2;0;44;4;0,0039211;
28;17;0;2545;23;48;11;4;2;0;44;4;0,0039211;
28;18;0;2360;25;48;11;4;2;0;44;4;0,0039211;
28;19;0;2578;25;48;11;4;2;0;44;4;0,0039211;
29;9;0;1775;33;48;11;4;2;0;44;4;0,0039211;
29;10;0;1712;35;48;11;4;2;0;44;4;0,0039211;
29;12;0;2580;15;48;11;4;2;0;44;4;0,0039211;
29;13;0;1994;33;48;11;4;2;0;44;4;0,0039211;
29;14;0;2071;31;48;11;4;2;0;44;4;0,0039211;
29;15;0;1981;39;48;11;4;2;0;44;4;0,0039211;
29;18;0;2286;30;48;11;4;2;0;44;4;0,0039211;
29;19;0;2148;30;48;11;4;2;0;44;4;0,0039211;
