9;10;0;1670;0;26;1;9;5;0;7;19;0,007458574;
9;12;0;1543;0;26;1;9;5;0;7;19;0,007458574;
10;14;0;1692;0;26;1;9;5;0;7;19;0,007458574;
11;14;0;1636;0;26;1;9;5;0;7;19;0,007458574;
11;16;0;1612;0;26;1;9;5;0;7;19;0,007458574;
11;17;0;1953;0;26;1;9;5;0;7;19;0,007458574;
12;15;0;1853;0;26;1;9;5;0;7;19;0,007458574;
12;18;0;1904;0;26;1;9;5;0;7;19;0,007458574;
13;9;0;1492;0;26;1;9;5;0;7;19;0,007458574;
13;11;0;1655;0;26;1;9;5;0;7;19;0,007458574;
13;12;0;1832;0;26;1;9;5;0;7;19;0,007458574;
13;18;0;1976;0;26;1;9;5;0;7;19;0,007458574;
13;19;0;2173;0;26;1;9;5;0;7;19;0,007458574;
14;11;0;1624;0;26;1;9;5;0;7;19;0,007458574;
14;12;0;1791;0;26;1;9;5;0;7;19;0,007458574;
14;13;0;1893;0;26;1;9;5;0;7;19;0,007458574;
15;10;0;1653;0;26;1;9;5;0;7;19;0,007458574;
15;11;0;1910;0;26;1;9;5;0;7;19;0,007458574;
15;13;0;1748;0;26;1;9;5;0;7;19;0,007458574;
15;14;0;1831;0;26;1;9;5;0;7;19;0,007458574;
15;17;0;1895;0;26;1;9;5;0;7;19;0,007458574;
15;18;0;1958;0;26;1;9;5;0;7;19;0,007458574;
16;1;0;1679;0;26;1;9;5;0;7;19;0,007458574;
16;6;0;1755;0;26;1;9;5;0;7;19;0,007458574;
16;10;0;1575;0;26;1;9;5;0;7;19;0,007458574;
16;11;0;1586;0;26;1;9;5;0;7;19;0,007458574;
16;14;0;1867;0;26;1;9;5;0;7;19;0,007458574;
16;15;0;1976;0;26;1;9;5;0;7;19;0,007458574;
16;16;0;1937;0;26;1;9;5;0;7;19;0,007458574;
16;17;0;2017;0;26;1;9;5;0;7;19;0,007458574;
16;18;0;2140;0;26;1;9;5;0;7;19;0,007458574;
16;19;0;1838;0;26;1;9;5;0;7;19;0,007458574;
17;1;0;1233;0;26;1;9;5;0;7;19;0,007458574;
17;6;0;1552;0;26;1;9;5;0;7;19;0,007458574;
17;7;0;1778;0;26;1;9;5;0;7;19;0,007458574;
17;9;0;1621;0;26;1;9;5;0;7;19;0,007458574;
17;10;0;1555;0;26;1;9;5;0;7;19;0,007458574;
17;13;0;1677;0;26;1;9;5;0;7;19;0,007458574;
17;15;0;1767;0;26;1;9;5;0;7;19;0,007458574;
17;16;0;1989;0;26;1;9;5;0;7;19;0,007458574;
17;17;0;1870;0;26;1;9;5;0;7;19;0,007458574;
17;19;0;2108;0;26;1;9;5;0;7;19;0,007458574;
18;1;0;1527;0;26;1;9;5;0;7;19;0,007458574;
18;7;0;1944;0;26;1;9;5;0;7;19;0,007458574;
18;10;0;1775;0;26;1;9;5;0;7;19;0,007458574;
18;11;0;1794;0;26;1;9;5;0;7;19;0,007458574;
18;13;0;1720;0;26;1;9;5;0;7;19;0,007458574;
18;14;0;1909;0;26;1;9;5;0;7;19;0,007458574;
18;15;0;1758;0;26;1;9;5;0;7;19;0,007458574;
18;16;0;1999;0;26;1;9;5;0;7;19;0,007458574;
18;17;0;2026;0;26;1;9;5;0;7;19;0,007458574;
18;18;0;2051;0;26;1;9;5;0;7;19;0,007458574;
18;19;0;2182;0;26;1;9;5;0;7;19;0,007458574;
19;5;0;1812;0;26;1;9;5;0;7;19;0,007458574;
19;6;0;1903;0;26;1;9;5;0;7;19;0,007458574;
19;9;0;1627;0;26;1;9;5;0;7;19;0,007458574;
19;12;0;1701;0;26;1;9;5;0;7;19;0,007458574;
19;13;0;1886;0;26;1;9;5;0;7;19;0,007458574;
19;14;0;2115;0;26;1;9;5;0;7;19;0,007458574;
19;15;0;1975;0;26;1;9;5;0;7;19;0,007458574;
19;16;0;1930;0;26;1;9;5;0;7;19;0,007458574;
19;17;0;2012;0;26;1;9;5;0;7;19;0,007458574;
19;18;0;1792;0;26;1;9;5;0;7;19;0,007458574;
20;2;0;2084;0;26;1;9;5;0;7;19;0,007458574;
20;5;0;1566;0;26;1;9;5;0;7;19;0,007458574;
20;6;0;1910;0;26;1;9;5;0;7;19;0,007458574;
20;11;0;1746;0;26;1;9;5;0;7;19;0,007458574;
20;13;0;1750;0;26;1;9;5;0;7;19;0,007458574;
20;14;0;1915;0;26;1;9;5;0;7;19;0,007458574;
20;15;0;1978;0;26;1;9;5;0;7;19;0,007458574;
20;16;0;1886;0;26;1;9;5;0;7;19;0,007458574;
20;17;0;1905;0;26;1;9;5;0;7;19;0,007458574;
20;19;0;2314;0;26;1;9;5;0;7;19;0,007458574;
21;2;0;1455;0;26;1;9;5;0;7;19;0,007458574;
21;6;0;2368;0;26;1;9;5;0;7;19;0,007458574;
21;7;0;1995;0;26;1;9;5;0;7;19;0,007458574;
21;8;0;1656;0;26;1;9;5;0;7;19;0,007458574;
21;9;0;1519;0;26;1;9;5;0;7;19;0,007458574;
21;10;0;1926;0;26;1;9;5;0;7;19;0,007458574;
21;11;0;1820;0;26;1;9;5;0;7;19;0,007458574;
21;12;0;1688;0;26;1;9;5;0;7;19;0,007458574;
21;14;0;1905;0;26;1;9;5;0;7;19;0,007458574;
21;16;0;2077;0;26;1;9;5;0;7;19;0,007458574;
21;18;0;2349;0;26;1;9;5;0;7;19;0,007458574;
21;19;0;2301;0;26;1;9;5;0;7;19;0,007458574;
22;1;0;1550;0;26;1;9;5;0;7;19;0,007458574;
22;3;0;1871;0;26;1;9;5;0;7;19;0,007458574;
22;4;0;2946;0;26;1;9;5;0;7;19;0,007458574;
22;10;0;1888;0;26;1;9;5;0;7;19;0,007458574;
22;12;0;2375;0;26;1;9;5;0;7;19;0,007458574;
22;13;0;1807;0;26;1;9;5;0;7;19;0,007458574;
22;14;0;1735;0;26;1;9;5;0;7;19;0,007458574;
22;17;0;2098;0;26;1;9;5;0;7;19;0,007458574;
22;18;0;2080;0;26;1;9;5;0;7;19;0,007458574;
22;19;0;2035;0;26;1;9;5;0;7;19;0,007458574;
23;2;0;1772;0;26;1;9;5;0;7;19;0,007458574;
23;9;0;2427;0;26;1;9;5;0;7;19;0,007458574;
23;11;0;1727;0;26;1;9;5;0;7;19;0,007458574;
23;12;0;1758;0;26;1;9;5;0;7;19;0,007458574;
23;13;0;1849;0;26;1;9;5;0;7;19;0,007458574;
23;15;0;2064;0;26;1;9;5;0;7;19;0,007458574;
23;17;0;2086;0;26;1;9;5;0;7;19;0,007458574;
23;18;0;2350;0;26;1;9;5;0;7;19;0,007458574;
23;19;0;2187;0;26;1;9;5;0;7;19;0,007458574;
24;2;0;1766;0;26;1;9;5;0;7;19;0,007458574;
24;9;0;1625;0;26;1;9;5;0;7;19;0,007458574;
24;11;0;1729;0;26;1;9;5;0;7;19;0,007458574;
24;12;0;1871;0;26;1;9;5;0;7;19;0,007458574;
24;13;0;1861;0;26;1;9;5;0;7;19;0,007458574;
24;14;0;1882;0;26;1;9;5;0;7;19;0,007458574;
24;18;0;2195;0;26;1;9;5;0;7;19;0,007458574;
24;19;0;2175;0;26;1;9;5;0;7;19;0,007458574;
25;2;0;1594;0;26;1;9;5;0;7;19;0,007458574;
25;5;0;1570;0;26;1;9;5;0;7;19;0,007458574;
25;8;0;1916;0;26;1;9;5;0;7;19;0,007458574;
25;10;0;2043;0;26;1;9;5;0;7;19;0,007458574;
25;12;0;2331;0;26;1;9;5;0;7;19;0,007458574;
25;17;0;2841;0;26;1;9;5;0;7;19;0,007458574;
26;3;0;2017;0;26;1;9;5;0;7;19;0,007458574;
26;4;0;1999;0;26;1;9;5;0;7;19;0,007458574;
26;6;0;2042;0;26;1;9;5;0;7;19;0,007458574;
26;7;0;1980;0;26;1;9;5;0;7;19;0,007458574;
26;8;0;1679;0;26;1;9;5;0;7;19;0,007458574;
26;10;0;1761;0;26;1;9;5;0;7;19;0,007458574;
26;11;0;2301;0;26;1;9;5;0;7;19;0,007458574;
26;12;0;1930;0;26;1;9;5;0;7;19;0,007458574;
26;13;0;2117;0;26;1;9;5;0;7;19;0,007458574;
26;14;0;1970;0;26;1;9;5;0;7;19;0,007458574;
26;15;0;2136;0;26;1;9;5;0;7;19;0,007458574;
26;16;0;2111;0;26;1;9;5;0;7;19;0,007458574;
26;17;0;2264;0;26;1;9;5;0;7;19;0,007458574;
26;18;0;2213;0;26;1;9;5;0;7;19;0,007458574;
26;19;0;2089;0;26;1;9;5;0;7;19;0,007458574;
27;3;0;2484;0;26;1;9;5;0;7;19;0,007458574;
27;7;0;2301;0;26;1;9;5;0;7;19;0,007458574;
27;8;0;2099;0;26;1;9;5;0;7;19;0,007458574;
27;10;0;1748;0;26;1;9;5;0;7;19;0,007458574;
27;11;0;2025;0;26;1;9;5;0;7;19;0,007458574;
27;12;0;1856;0;26;1;9;5;0;7;19;0,007458574;
27;13;0;2308;0;26;1;9;5;0;7;19;0,007458574;
27;14;0;2312;0;26;1;9;5;0;7;19;0,007458574;
27;16;0;2157;0;26;1;9;5;0;7;19;0,007458574;
27;17;0;2181;0;26;1;9;5;0;7;19;0,007458574;
27;18;0;2144;0;26;1;9;5;0;7;19;0,007458574;
27;19;0;2241;0;26;1;9;5;0;7;19;0,007458574;
28;1;0;1596;0;26;1;9;5;0;7;19;0,007458574;
28;4;0;1987;0;26;1;9;5;0;7;19;0,007458574;
28;11;0;2105;0;26;1;9;5;0;7;19;0,007458574;
28;14;0;1952;0;26;1;9;5;0;7;19;0,007458574;
28;15;0;2401;0;26;1;9;5;0;7;19;0,007458574;
28;16;0;2303;0;26;1;9;5;0;7;19;0,007458574;
28;18;0;2161;0;26;1;9;5;0;7;19;0,007458574;
28;19;0;2323;0;26;1;9;5;0;7;19;0,007458574;
29;4;0;1929;0;26;1;9;5;0;7;19;0,007458574;
29;8;0;2123;0;26;1;9;5;0;7;19;0,007458574;
29;11;0;2159;0;26;1;9;5;0;7;19;0,007458574;
29;13;0;2037;0;26;1;9;5;0;7;19;0,007458574;
29;15;0;2044;0;26;1;9;5;0;7;19;0,007458574;
29;16;0;2084;0;26;1;9;5;0;7;19;0,007458574;
29;18;0;2289;0;26;1;9;5;0;7;19;0,007458574;
29;19;0;2310;0;26;1;9;5;0;7;19;0,007458574;
